mnist not_use_labels
Cluster class distribution :  {0: [13, 3, 199, 71, 32, 97, 121, 6, 142, 7], 1: [0, 0, 14, 13, 171, 14, 0, 292, 21, 195], 2: [182, 0, 4, 26, 0, 81, 18, 0, 5, 5], 3: [0, 354, 25, 2, 0, 6, 4, 3, 18, 1], 4: [2, 15, 123, 77, 0, 18, 81, 1, 113, 0], 5: [219, 0, 0, 0, 0, 1, 1, 0, 0, 0], 6: [0, 191, 76, 15, 36, 56, 3, 59, 63, 48], 7: [0, 0, 1, 1, 283, 8, 0, 183, 6, 227], 8: [10, 0, 19, 279, 0, 74, 43, 0, 62, 1], 9: [53, 0, 27, 9, 13, 79, 230, 6, 32, 11]}
Cluster class purity : {0: 0.28798842257597684, 1: 0.40555555555555556, 2: 0.5669781931464174, 3: 0.8571428571428571, 4: 0.28604651162790695, 5: 0.9909502262443439, 6: 0.3491773308957952, 7: 0.3991537376586742, 8: 0.5717213114754098, 9: 0.5}
Cluster max class : {0: 2, 1: 7, 2: 0, 3: 1, 4: 2, 5: 0, 6: 1, 7: 4, 8: 3, 9: 6}
Class distribution : {0: [13, 0, 182, 0, 2, 219, 0, 0, 10, 53], 1: [3, 0, 0, 354, 15, 0, 191, 0, 0, 0], 2: [199, 14, 4, 25, 123, 0, 76, 1, 19, 27], 3: [71, 13, 26, 2, 77, 0, 15, 1, 279, 9], 4: [32, 171, 0, 0, 0, 0, 36, 283, 0, 13], 5: [97, 14, 81, 6, 18, 1, 56, 8, 74, 79], 6: [121, 0, 18, 4, 81, 1, 3, 0, 43, 230], 7: [6, 292, 0, 3, 1, 0, 59, 183, 0, 6], 8: [142, 21, 5, 18, 113, 0, 63, 6, 62, 32], 9: [7, 195, 5, 1, 0, 0, 48, 227, 1, 11]}
Class purity :  {0: 0.4572025052192067, 1: 0.6287744227353463, 2: 0.4077868852459016, 3: 0.565922920892495, 4: 0.5289719626168224, 5: 0.22350230414746544, 6: 0.4590818363273453, 7: 0.5309090909090909, 8: 0.30735930735930733, 9: 0.4585858585858586}
Max class : {0: 5, 1: 3, 2: 0, 3: 8, 4: 7, 5: 0, 6: 9, 7: 1, 8: 0, 9: 7}
Max class number : {0: 219, 1: 354, 2: 199, 3: 279, 4: 283, 5: 97, 6: 230, 7: 292, 8: 142, 9: 227}
Cluster labels : [2, 7, 0, 1, 8, 5, 9, 4, 3, 6]
Accuracy : 0.3962
mnist only_use_labels
Cluster class distribution :  {0: [0, 0, 0, 0, 535, 0, 0, 0, 0, 0], 1: [0, 0, 0, 0, 0, 0, 0, 550, 0, 0], 2: [0, 0, 0, 493, 0, 0, 0, 0, 0, 0], 3: [0, 562, 0, 0, 0, 434, 0, 0, 0, 0], 4: [0, 0, 0, 0, 0, 0, 0, 0, 0, 495], 5: [0, 0, 0, 0, 0, 0, 501, 0, 0, 0], 6: [0, 0, 0, 0, 0, 0, 0, 0, 462, 0], 7: [479, 0, 0, 0, 0, 0, 0, 0, 0, 0], 8: [0, 0, 488, 0, 0, 0, 0, 0, 0, 0], 9: [0, 1, 0, 0, 0, 0, 0, 0, 0, 0]}
Cluster class purity : {0: 1.0, 1: 1.0, 2: 1.0, 3: 0.5642570281124498, 4: 1.0, 5: 1.0, 6: 1.0, 7: 1.0, 8: 1.0, 9: 1.0}
Cluster max class : {0: 4, 1: 7, 2: 3, 3: 1, 4: 9, 5: 6, 6: 8, 7: 0, 8: 2, 9: 1}
Class distribution : {0: [0, 0, 0, 0, 0, 0, 0, 479, 0, 0], 1: [0, 0, 0, 562, 0, 0, 0, 0, 0, 1], 2: [0, 0, 0, 0, 0, 0, 0, 0, 488, 0], 3: [0, 0, 493, 0, 0, 0, 0, 0, 0, 0], 4: [535, 0, 0, 0, 0, 0, 0, 0, 0, 0], 5: [0, 0, 0, 434, 0, 0, 0, 0, 0, 0], 6: [0, 0, 0, 0, 0, 501, 0, 0, 0, 0], 7: [0, 550, 0, 0, 0, 0, 0, 0, 0, 0], 8: [0, 0, 0, 0, 0, 0, 462, 0, 0, 0], 9: [0, 0, 0, 0, 495, 0, 0, 0, 0, 0]}
Class purity :  {0: 1.0, 1: 0.9982238010657194, 2: 1.0, 3: 1.0, 4: 1.0, 5: 1.0, 6: 1.0, 7: 1.0, 8: 1.0, 9: 1.0}
Max class : {0: 7, 1: 3, 2: 8, 3: 2, 4: 0, 5: 3, 6: 5, 7: 1, 8: 6, 9: 4}
Max class number : {0: 479, 1: 562, 2: 488, 3: 493, 4: 535, 5: 434, 6: 501, 7: 550, 8: 462, 9: 495}
Cluster labels : [4, 7, 3, 1, 9, 6, 8, 0, 2, 5]
Accuracy : 0.913
mnist use_labels
Cluster class distribution :  {0: [0, 0, 0, 0, 535, 0, 0, 0, 0, 0], 1: [0, 0, 0, 0, 0, 0, 501, 0, 0, 0], 2: [479, 0, 0, 0, 0, 0, 0, 0, 0, 0], 3: [0, 0, 0, 493, 0, 0, 0, 0, 0, 0], 4: [0, 0, 0, 0, 0, 0, 0, 550, 0, 0], 5: [0, 0, 488, 0, 0, 0, 0, 0, 0, 0], 6: [0, 563, 0, 0, 0, 0, 0, 0, 0, 0], 7: [0, 0, 0, 0, 0, 0, 0, 0, 0, 495], 8: [0, 0, 0, 0, 0, 434, 0, 0, 0, 0], 9: [0, 0, 0, 0, 0, 0, 0, 0, 462, 0]}
Cluster class purity : {0: 1.0, 1: 1.0, 2: 1.0, 3: 1.0, 4: 1.0, 5: 1.0, 6: 1.0, 7: 1.0, 8: 1.0, 9: 1.0}
Cluster max class : {0: 4, 1: 6, 2: 0, 3: 3, 4: 7, 5: 2, 6: 1, 7: 9, 8: 5, 9: 8}
Class distribution : {0: [0, 0, 479, 0, 0, 0, 0, 0, 0, 0], 1: [0, 0, 0, 0, 0, 0, 563, 0, 0, 0], 2: [0, 0, 0, 0, 0, 488, 0, 0, 0, 0], 3: [0, 0, 0, 493, 0, 0, 0, 0, 0, 0], 4: [535, 0, 0, 0, 0, 0, 0, 0, 0, 0], 5: [0, 0, 0, 0, 0, 0, 0, 0, 434, 0], 6: [0, 501, 0, 0, 0, 0, 0, 0, 0, 0], 7: [0, 0, 0, 0, 550, 0, 0, 0, 0, 0], 8: [0, 0, 0, 0, 0, 0, 0, 0, 0, 462], 9: [0, 0, 0, 0, 0, 0, 0, 495, 0, 0]}
Class purity :  {0: 1.0, 1: 1.0, 2: 1.0, 3: 1.0, 4: 1.0, 5: 1.0, 6: 1.0, 7: 1.0, 8: 1.0, 9: 1.0}
Max class : {0: 2, 1: 6, 2: 5, 3: 3, 4: 0, 5: 8, 6: 1, 7: 4, 8: 9, 9: 7}
Max class number : {0: 479, 1: 563, 2: 488, 3: 493, 4: 535, 5: 434, 6: 501, 7: 550, 8: 462, 9: 495}
Cluster labels : [4, 6, 0, 3, 7, 2, 1, 9, 5, 8]
Accuracy : 1.0
cifar not_use_labels
Cluster class distribution :  {0: [56, 9, 49, 37, 24, 45, 31, 18, 32, 8], 1: [103, 106, 134, 110, 130, 126, 115, 153, 105, 106], 2: [30, 116, 122, 132, 155, 162, 127, 115, 47, 53], 3: [20, 18, 35, 37, 35, 34, 72, 19, 6, 6], 4: [44, 37, 20, 13, 17, 12, 4, 49, 89, 100], 5: [51, 36, 18, 19, 17, 8, 12, 27, 93, 60], 6: [65, 9, 21, 15, 8, 6, 9, 8, 13, 10], 7: [95, 20, 37, 22, 8, 8, 12, 12, 64, 24], 8: [27, 71, 77, 91, 115, 81, 132, 52, 30, 24], 9: [14, 38, 6, 10, 10, 6, 5, 33, 41, 107]}
Cluster class purity : {0: 0.18122977346278318, 1: 0.12878787878787878, 2: 0.1529745042492918, 3: 0.2553191489361702, 4: 0.2597402597402597, 5: 0.2727272727272727, 6: 0.39634146341463417, 7: 0.31456953642384106, 8: 0.18857142857142858, 9: 0.3962962962962963}
Cluster max class : {0: 0, 1: 7, 2: 5, 3: 6, 4: 9, 5: 8, 6: 0, 7: 0, 8: 6, 9: 9}
Class distribution : {0: [56, 103, 30, 20, 44, 51, 65, 95, 27, 14], 1: [9, 106, 116, 18, 37, 36, 9, 20, 71, 38], 2: [49, 134, 122, 35, 20, 18, 21, 37, 77, 6], 3: [37, 110, 132, 37, 13, 19, 15, 22, 91, 10], 4: [24, 130, 155, 35, 17, 17, 8, 8, 115, 10], 5: [45, 126, 162, 34, 12, 8, 6, 8, 81, 6], 6: [31, 115, 127, 72, 4, 12, 9, 12, 132, 5], 7: [18, 153, 115, 19, 49, 27, 8, 12, 52, 33], 8: [32, 105, 47, 6, 89, 93, 13, 64, 30, 41], 9: [8, 106, 53, 6, 100, 60, 10, 24, 24, 107]}
Class purity :  {0: 0.20396039603960395, 1: 0.25217391304347825, 2: 0.2581888246628131, 3: 0.2716049382716049, 4: 0.29865125240847784, 5: 0.3319672131147541, 6: 0.2543352601156069, 7: 0.3148148148148148, 8: 0.20192307692307693, 9: 0.21485943775100402}
Max class : {0: 1, 1: 2, 2: 1, 3: 2, 4: 2, 5: 2, 6: 8, 7: 1, 8: 1, 9: 9}
Max class number : {0: 103, 1: 116, 2: 134, 3: 132, 4: 155, 5: 162, 6: 132, 7: 153, 8: 105, 9: 107}
Cluster labels : [0, 7, 5, 6, 9, 8, 2, 3, 4, 1]
Accuracy : 0.1664
cifar only_use_labels
Cluster class distribution :  {0: [0, 0, 0, 0, 0, 0, 0, 0, 520, 0], 1: [0, 0, 0, 0, 519, 0, 0, 0, 0, 0], 2: [0, 0, 519, 0, 0, 0, 0, 0, 0, 0], 3: [505, 0, 0, 0, 0, 0, 518, 0, 0, 0], 4: [0, 0, 0, 0, 0, 0, 0, 0, 0, 498], 5: [0, 0, 0, 0, 0, 0, 1, 0, 0, 0], 6: [0, 0, 0, 0, 0, 488, 0, 0, 0, 0], 7: [0, 460, 0, 0, 0, 0, 0, 0, 0, 0], 8: [0, 0, 0, 0, 0, 0, 0, 486, 0, 0], 9: [0, 0, 0, 486, 0, 0, 0, 0, 0, 0]}
Cluster class purity : {0: 1.0, 1: 1.0, 2: 1.0, 3: 0.5063538611925709, 4: 1.0, 5: 1.0, 6: 1.0, 7: 1.0, 8: 1.0, 9: 1.0}
Cluster max class : {0: 8, 1: 4, 2: 2, 3: 6, 4: 9, 5: 6, 6: 5, 7: 1, 8: 7, 9: 3}
Class distribution : {0: [0, 0, 0, 505, 0, 0, 0, 0, 0, 0], 1: [0, 0, 0, 0, 0, 0, 0, 460, 0, 0], 2: [0, 0, 519, 0, 0, 0, 0, 0, 0, 0], 3: [0, 0, 0, 0, 0, 0, 0, 0, 0, 486], 4: [0, 519, 0, 0, 0, 0, 0, 0, 0, 0], 5: [0, 0, 0, 0, 0, 0, 488, 0, 0, 0], 6: [0, 0, 0, 518, 0, 1, 0, 0, 0, 0], 7: [0, 0, 0, 0, 0, 0, 0, 0, 486, 0], 8: [520, 0, 0, 0, 0, 0, 0, 0, 0, 0], 9: [0, 0, 0, 0, 498, 0, 0, 0, 0, 0]}
Class purity :  {0: 1.0, 1: 1.0, 2: 1.0, 3: 1.0, 4: 1.0, 5: 1.0, 6: 0.9980732177263969, 7: 1.0, 8: 1.0, 9: 1.0}
Max class : {0: 3, 1: 7, 2: 2, 3: 9, 4: 1, 5: 6, 6: 3, 7: 8, 8: 0, 9: 4}
Max class number : {0: 505, 1: 460, 2: 519, 3: 486, 4: 519, 5: 488, 6: 518, 7: 486, 8: 520, 9: 498}
Cluster labels : [8, 4, 2, 6, 9, 0, 5, 1, 7, 3]
Accuracy : 0.8988
cifar use_labels
Cluster class distribution :  {0: [0, 0, 0, 0, 0, 0, 0, 0, 520, 0], 1: [0, 0, 0, 0, 0, 0, 0, 486, 0, 0], 2: [0, 0, 0, 0, 0, 0, 0, 0, 0, 498], 3: [0, 0, 0, 0, 519, 0, 0, 0, 0, 0], 4: [0, 0, 0, 0, 0, 0, 519, 0, 0, 0], 5: [0, 0, 519, 0, 0, 0, 0, 0, 0, 0], 6: [0, 0, 0, 486, 0, 0, 0, 0, 0, 0], 7: [505, 0, 0, 0, 0, 0, 0, 0, 0, 0], 8: [0, 460, 0, 0, 0, 0, 0, 0, 0, 0], 9: [0, 0, 0, 0, 0, 488, 0, 0, 0, 0]}
Cluster class purity : {0: 1.0, 1: 1.0, 2: 1.0, 3: 1.0, 4: 1.0, 5: 1.0, 6: 1.0, 7: 1.0, 8: 1.0, 9: 1.0}
Cluster max class : {0: 8, 1: 7, 2: 9, 3: 4, 4: 6, 5: 2, 6: 3, 7: 0, 8: 1, 9: 5}
Class distribution : {0: [0, 0, 0, 0, 0, 0, 0, 505, 0, 0], 1: [0, 0, 0, 0, 0, 0, 0, 0, 460, 0], 2: [0, 0, 0, 0, 0, 519, 0, 0, 0, 0], 3: [0, 0, 0, 0, 0, 0, 486, 0, 0, 0], 4: [0, 0, 0, 519, 0, 0, 0, 0, 0, 0], 5: [0, 0, 0, 0, 0, 0, 0, 0, 0, 488], 6: [0, 0, 0, 0, 519, 0, 0, 0, 0, 0], 7: [0, 486, 0, 0, 0, 0, 0, 0, 0, 0], 8: [520, 0, 0, 0, 0, 0, 0, 0, 0, 0], 9: [0, 0, 498, 0, 0, 0, 0, 0, 0, 0]}
Class purity :  {0: 1.0, 1: 1.0, 2: 1.0, 3: 1.0, 4: 1.0, 5: 1.0, 6: 1.0, 7: 1.0, 8: 1.0, 9: 1.0}
Max class : {0: 7, 1: 8, 2: 5, 3: 6, 4: 3, 5: 9, 6: 4, 7: 1, 8: 0, 9: 2}
Max class number : {0: 505, 1: 460, 2: 519, 3: 486, 4: 519, 5: 488, 6: 519, 7: 486, 8: 520, 9: 498}
Cluster labels : [8, 7, 9, 4, 6, 2, 3, 0, 1, 5]
Accuracy : 1.0
